                                                                                                  
                                      11111111                                                    
        1111111111111                 10000001             111111111111111   1111111111111        
     1110000000000001                 10000001            100000000000000011 1000000000000111     
   110000000000000001                 10000001            1000000111110000001100000000000000011   
  1000001111111100001                  1000001            1111111     10000011110000011111000001  
 1000001       111111111111    111111  100000111111111                1000001  1000001    1000001 
1000001              100001    100001  10000000000000011              1000001  1000001     1000001
1000001              100001    100001  100000000000000001     11111111000001   1000001     1000001
1000001              100001    100001  1001001111100000001    1000000000001    1000001     1000001
1000001              100001    100001  1001001    10000001    11111111000001   1001001     1000001
1000001              100001    100001  1001001     1000001            1000001  1000001     1000001
1000001              100001    100001  1001001     1001001            1000001  1000001     1000001
 1000001       1111111000001111000001  1000001     1000001            1000001  1000001    1000001 
  100000111111110000110000000000000001110000011111100000011111111     10000011110000011111000001  
   11000000000000000000000000000000000110001000000000000000000000111110000000000010000000000011   
     11100000000000011111000000001100011000000000000000111110000000000000001111001000000000111     
        1111111111111    11111111  11111111111111111111    111111111111111   1111111111111        